BI-101  5  0 0 30 C 2
BI101L 10 0 0 20 L 1
BI102  1  2 0 30 C 2
BI102L 3  1 0 20 L 1
BI111  2  0 0 30 C 2
BI111L 3  0 0 20 L 1
BI112  3  0 0 30 C 2
BI112L 5  0 0 20 L 1
BI200W 1  0 0 30 C 4
BI241  2  2 0 30 C 2
BI241L 6  1 0 30 L 1
BI242  2  0 0 25 C 2
BI242L 4  0 0 25 L 1
BI305  1  0 0 20 C 2
BI305L 1  0 0 20 L 1
BI306  1  0 0 20 C 2
BI306L 2  0 0 20 L 1
BI307  1  0 0 20 C 2
BI307L 4  0 0 20 L 1
BI311  1  0 0 10 C 2
BI311L 1  0 0 10 L 1
BI312  1  0 0 10 C 3
BI407  1  0 0 10 C 2
BI407L 1  0 0 10 L 1
BI409  1  0 0 10 C 2
BI409L 1  0 0 10 L 1
BI421  1  0 0 10 C 2
BI421L 1  0 0 10 L 1